0.9998126352 0.9998539310 0.9998673784 0.9998808257 0.9998817794 -0.0000986583 -0.0000584109 -0.0000584109 -0.0000986583 -0.0001089808 0.9998859225
0.9998539310 1.9996895679 1.9997387704 1.9997879728 1.9997933697 -0.0001277750 -0.0000785781 -0.0000785781 -0.0001277750 -0.0001762867 1.9998058430
0.9998673784 1.9997387704 2.9995703898 2.9997193765 1.9997785429 -0.0001366353 -0.0000855960 -0.0000855960 -0.0001366353 -0.0002073399 2.9997560183
0.9998808257 1.9997879728 2.9997193765 3.9996507802 1.9997637161 -0.0001454956 -0.0000926139 -0.0000926139 -0.0001454956 -0.0002383930 3.9997061936
0.9998817794 1.9997933697 1.9997785429 1.9997637161 2.9997197869 -0.0001480315 -0.0000917274 -0.0000917274 -0.0001480315 -0.0002125395 1.9997755883
-0.0000986583 -0.0001277750 -0.0001366353 -0.0001454956 -0.0001480315 0.9998318002 -0.0000966545 -0.0000966545 0.9998318002 0.9998493444 -0.0001480756
-0.0000584109 -0.0000785781 -0.0000855960 -0.0000926139 -0.0000917274 -0.0000966545 0.9998111811 0.9998111811 -0.0000966545 -0.0000990630 -0.0000958384
-0.0000584109 -0.0000785781 -0.0000855960 -0.0000926139 -0.0000917274 -0.0000966545 0.9998111811 0.9998111811 -0.0000966545 -0.0000990630 -0.0000958384
-0.0000986583 -0.0001277750 -0.0001366353 -0.0001454956 -0.0001480315 0.9998318002 -0.0000966545 -0.0000966545 0.9998318002 0.9998493444 -0.0001480756
-0.0001089808 -0.0001762867 -0.0002073399 -0.0002383930 -0.0002125395 0.9998493444 -0.0000990630 -0.0000990630 0.9998493444 1.9997151773 -0.0002616079
0.9998859225 1.9998058430 2.9997560183 3.9997061936 1.9997755883 -0.0001480756 -0.0000958384 -0.0000958384 -0.0001480756 -0.0002616079 4.9995636092
